316536002
316536003
316536006
316536009
316536100
316536600
316536601
316536602
316536603
316536608
316536610
316536612
316536614
316536616
316536618
316536621
316536622
316536623
316536625
316537800
316537900
316539900
316540700
316540800
316541627
316542403
316542405
316542414
316543000
316543200
316543202
316543203
316543204
316543206
316543600
316543801
316543810
316543818
316543906
316543907
316543909
316543911
316543912
316543918
316544007
316544012
316544013
316544500
316544501
316545005
316545006
316545007
316545117
316545300
316545301
316546300
316546605
316547200
316547900
316548700
316549106
316549117
316551202
316552702
316553503
316555800
316557105
316557106
316557107
316557116
316557118
316557141
316557143
316557146
316557149
316557200
316557205
316557206
316557209
316557211
316557230
316557232
316557237
316557238
316557245
316557260
316558201
316558300
316558900
316558903
316558906
316559108
316559109
316559300
316559604
316560112
316560118
316560127
316560140
316560143
316560147
316560149
316560151
316560156
316560158
316560161
316560402
316560900
316560902
316561956
316563600
316564407
316564408
316564411
316564425
316564509
316564511
316564609
316564615
316564616
316564627
316565100
316566202
316566204
316566205
316566206
316566207
316567056
316567057
316570410
316570500
316570503
316570511
316570521
316571800
316572100
316572406
316572700
316574900
316574903
316575402
316575500
316575501
316575600
316575902
316575906
316575908
316575909
316575911
316575912
316575915
316575917
316575920
316575921
316575924
316575925
316575943
316575947
316575952
316576300
316576302
316576303
316576410
316576430
316576432
316576452
316576600
316576610
316576630
316576641
316576650
316576655
316576673
316576687
316576697
316576716
316577015
316577016
316577040
316577044
316577045
316577048
316577071
316577072
316577073
316577077
316577084
316577085
316577091
316577800
316578323
316578338
316578339
316580267
316580275
316580400
316580408
316580410
316580418
316580474
316580479
316580480
316580504
316580601
316580611
316580614
316580619
316580625
316580627
316580700
316602400
316603902
316604001
316604002
316610006
316610014
316630001
316630003
316630004
316630005
316630006
316633004
316633007
316633010
316650000
316650001
316650003
316650010
316650018
316655000
316655004
316800600
316800901
316800902
316901014
316T023P05
3177259
318003600
318003605
318003624
318003634
318004900
318004902
318005108
318005202
318005227
318005229
318015035
318016209
318016714
318022002
318024509
318025314
318037700
318039806
318044511
318044831
318053103
318053120
318053131
318053132
318053140
318053204
318053901
318054010
318056145
318056292
318059310
318065102
318066415
318067060
318067077
318067080
318067300
318073028
318078501
318078562
318078801
318083041
318083093
318087313
318087701
318088400
318089916
318090310
318095956
318095957
318095959
318095965
318099100
318099104
318112010
318118906
318120500
318120505
318121902
318122006
318122007
318122008
318122010
318122011
318122700
318133301
318134700
318144006
318146010
318146301
318147412
318147430
318148503
318148700
318163400
318164902
318165800
318167705
318167712
318167801
318168104
318168114
318168124
318176412
318176413
318177710
318177730
318178104
318178110
318182936
318183000
318184400
318185329
318185330
318185336
318185337
318185341
318185347
318185348
318185349
318185350
318185352
318185446
318185447
318185448
318185477
318185731
318185732
318191000
318191002
318191023
318191024
318196141
318198817
318198819
318198820
318198834
318198925
318198930
318198952
318199746
318199769
318199777
318199780
318212250
318214601
318221303
318221331
318221333
318221355
318223684
318223900
318224401
318224716
318224812
318224813
318224819
318224859
318225429
318228815
318228860
318228861
318228915
318228961
318231870
318232604
318232613
318232621
318232634
318232638
318232645
318232646
318232659
318232661
318232667
318232671
318233721
318233900
318234100
318237926
318238904
318241006
318241008
318242221
318242225
318242250
318242275
318244304
318244305
318244307
318251600
318254599
318254696
318254699
318254902
318254905
318254906
318254912
318254916
318254917
318254918
318255001
318255006
318255100
318255101
318255103
318255201
318255401
318255504
318255605
318255606
318255806
318255807
318256201
318257753
318258201
318258203
318259220
318259506
318259507
318259508
318260201
318260401
318260531
318261213
318261229
318261230
318261301
318261356
318261358
318262001
318262104
318262516
318264735
318271812
318282310
318285615
318291300
318292200
318293810
318293811
318293813
318293814
318293818
318293820
318293824
318293825
318293830
318293831
318296800
318296802
318296805
318296807
318296812
318296814
318296817
318296822
318296824
318297805
318297810
318298400
318298410
318298600
318299102
318300002
318300102
318304124
318304177
318304187
318305250
318306007
318306104
318306209
318313231
318313601
318313605
318314705
318317100
318319001
318319020
318319301
318319302
318325200
318329231
318329233
318329242
318329631
318330600
318330701
318330722
318330724
318330801
318330854
318331313
318332211
318332800
318335600
318337200
318345205
318345206
318345216
318347010
318348800
318348801
318353226
318355400
318357001
318360001
318360700
318361501
318362303
318365800
318366727
318367101
318370311
318370313
318370365
318370378
318370388
318372016
318372017
318372210
318372211
318372417
318373300
318375511
318376122
318379210
318384412
318384468
318384492
318384494
318385600
318387400
318387600
318388400
318391502
318391505
318391803
318394803
318398302
318402337
318402341
318402344
318402356
318402411
318402414
318403500
318403502
318411401
318411411
318411685
318414207
318414208
318414210
318414213
318414214
318414218
318414222
318416300
318532102
318534402
318534403
318536560
318560310
318560340
318560470
318560710
318560714
318561100
318562200
318562300
318565404
318565405
318565406
318566021
318566203
318567134
318567138
318569262
318569900
318569904
318569905
318572732
318572767
318572777
318572780
318574701
318574804
318575600
318575603
318575604
318575614
318575615
318577801
318578317
318578332
318578354
318578356
318578365
318578506
318578509
318580000
318582601
318582614
318584501
318594302
318600801
318601500
318601604
318602300
318602403
318602601
318602602
318602603
318602604
318602800
3186034
318603821
318603908
318647300
318900302
318900303
318900816
318901700
318902502
318902701
318903403
318905200
318905201
318905202
318905205
318905813
318905900
318907000
318912905
318915700
318916905
318919501
318919602
318921136
318921137
318921138
318921140
318921600
318922301
318922306
318934318
318935903
318939702
318946400
318946500
3193012
3196166
3196172
3201435
3201861
3202378
3202786
3203459
3203722
3204254
3204267
3204295
3204307
3204395
3204401
3204405
3204458
3204490
3205241
3205266
3205821
3206165
3206166
3206180
3206246
3206251
3206256
3206261
3206319
3206322
3206358
3206438
3206453
3210A20075B
3212EL1015A
3212ER1037C
3213W1A049K
3-23995
3-24898
326789
326791
327360301
3281061
328201
328655280
33001249
33001790
33001899
33002256
3300EL4001A
3300W1A046D
3303W1A052D
331619
33446
3347825
33489
3349343
3350013
3354020
3361596
3363365
3363395
336389
3368997
3371644
3389272
3389351
3390424
3390JJ1195A
3390W1A019C
3390W1A035A
3390W2M005E
3390W2M005F
3391846
3391JA2030A
3391JJ1011B
3394081
3395683
3398129
34001309
34001436
3405-001032
3405-001033
3405-001034
3405-001077
3405-001116
3405-001117
3405274
342817708
342906802
34338
3456EL0001B
3456EL0001C
3457ER1006R
3457ER1008E
348171
35001075
35001215
35001244
3500W1A022A
3501-000264
3501-001501
3501W1A019S
350211
350523
35115
35-2046
3530A10272E
3530W1A012A
3530W1A020A
3530W1A020D
3531A10188Q
3531A20319F
3531JJ1006P
3531JJ1006X
3531JJ1010F
354275
354550
3550A30036A
3550EA3007C
3550ED3011B
3550EL1005C
3550EL2004B
3550ER0004H
3550ER0039S
3550ER1032A
3550JA2110B
3550JA2147B
3550JA2264A
3550JA2267A
3550JJ0005D
3550JJ1024A
3550JJ1040A
3550JJ2074A
3550JQ2073E
3550W1A001A
3550W1A126D
3550W1A171A
3550W4A029L
3551DD2001X
3551EL0009A
3551JJ1069B
3551JJ1069C
3551W1A032C
3552W0A001E
35535
357226364
357266088
357710306
357977
358277
358336
359763
3601-001197
3601-001198
3601-001576
3601-001589
3601-001637
3601F373-51
36438
3650EL2001B
3650ER2003A
3650ER2004A
3650ER2006A
3650ER3002B
3650FA3488R
3650JA2061W
3650JA2113P
3650JJ1031A
3650W1A114C
3651W1A002B
371499
3720A10003G
3721ER1279L
37377
37395WP
374063622
3750DD2002B
3750DD2004B
3750ED1005D
3751DD1001J
37820
379221604
37929P
37992WP
3801F831-45
38034P
3808FA1368F
38174
3-82596
383EEL3003E
383EEL3003H
383EEL9001C
383EEL9001L
383EER3001K
383EW0N001Y
383EW1A010A
383EW1A038A
3861W2A006K
387174602
387484500
387627700
388253A
38881P
389077706
389087201
3903-000789
3903-000853
3920DD3002D
3920DD3005D
3920W0N001E
3921FZ3050U
39253
3937010
3950714
39508P
3957804
3957867
396112000
3977242
3979327
3980082
39893
3B72244T
3B72559A
3B74133K
3B74133P
3H00390A
3H02773A
3WAY
40
4020FD3641C
4026ER4002B
4026W2A014A
4026W2A019C
4036EL3001B
4036ER4001E
4036ER4001F
4036FA4364B
4036FR4043G
405507213
405517992
405526079
405526082
405531515
405536798
405537597
405537600
405539931
405542573
40923
40A15
40A15-2PK
4171551
4176694
4176707
4176723
42
4211577
4211952
423107022541
4263FA3933C
4270JJ3001A
4280A20004M
4280EN4001A
4280EN4001B
4280FR4048Z
4317824
4317904
4317933
4318047
4318061
4318168
4318273
4331675
4342528
4344755
4344758
4344860
4358853
4370ED3007C
4375418
4386774
4387020
4387486
4387535
4388357
4388450
4388479
4388736
4388932
4389144
4389184
4390731
4392061
4392065
4392901
4392941
4393905
4396009
4396014
4396020BULK
4396025BULK
4396103
4396928
4400EL1001C
4400EL2001D
4403JJ3001B
4417EA1002J
4417EA1002W
4417EA1002Z
4430JA2012A
4434ER0002H
4434ER0002J
4434ER0003F
4448664
4451175
4456314
4456568
44D124DXCEL-DO
4510JJ2002A
4510W3L003B
4580ED4002A
4580JA3024B
4581DD3001B
4581DD3003A
4581DD3003C
4581DD3003D
461967008471
461967749811
461967752331
461968971522
461968979591
461970104891
461970109731
461970109981
461970110583
461970110931
461971408821
461971424051
461974646281
4620ED3001C
4620ER4002A
4620JA3015A
4620JJ3006C
4680JB1017Q
4680JB1033B
4680JB1035G
4681A20028Y
4681A20042E
4681A20043S
4681A20116T
4681A20172Q
4681A20174H
4681A20175F
4681EA2001T
4681ED1004E
4681EL1008G
4681EL1008J
4681ER1007C
4681JB1027E
4681JB1029Q
4681JB1029S
4681JB1029V
4681JJ1001B
4681JJ1001E
4681W1N002B
4709-002499
4713-001013
4713-001165
4713-001173
4713-001199
4713-001524
4713-001581
4713-001622
4738ER2005A
4758AR7278A
476707
4769ER4001B
4774EA4002A
4774EN3002A
4774FA4016N
4775ER2002E
4775JA2084B
4775JA2101B
4775JA2104E
4775JJ1001A
4775JJ2002A
4775JJ2006M
4779EA3001A
4779EY3001B
4779JA3001H
4781JR2004C
4-80576
4810DD4005A
4810EL3002A
4810ER3021J
4810FR4061A
4810W1N042A
4810W3G135A
4811W1A008B
4-82683
4830A30005B
4830ED4001B
4850EL3002A
4860ER3002A
4861EN3002A
4861EN3003A
4861EN3003C
4861ER2001B
4861FR3068M
4890JL1002P
4890W1N005L
4890W1N005P
4890W1N005W
489229
489234
489504
4900A20003A
4901ER2003B
4902EA1002E
4922W5A057G
4922W5A074B
4925ER1015A
4925ER1015K
4930DD3005B
4930DD3008A
4930EN3004A
4930EN3007A
4930ER4003B
4930FI2231F
4930FR3040D
4930JJ2013A
4930W1A008A
4930W1A069B
4930W3B025B
4932ER4007C
4932ER4008C
4932JA1009A
4932JA3002A
4940A30037A
49572A
4960W1A008B
4970EA4194A
4970EL4002C
4970FR2084T
4974A30066L
4974A30067H
4974JA1053A
4974JA1091B
4974JA1153A
4974JA1154A
4974JA1154B
4974JA2040A
4974JA3031B
4975ED1005F
4975ED2004B
4975ED2005B
4975JA1021A
4975W1S063B
4980JA3100B
4980JJ1008A
4980W1N011F
4986ER0002H
4986ER0004F
4986ER1005C
4987JJ1010G
4987JJ1010Y
4991EN3002J
4995A21006V
4998A10016F
4B
4B72510F
4B73725E
4B75290B
4J00977P
4W50100F
50
500003
5001DD4001C
5004JJ1014A
5004JJ1016A
5005DD1001B
5005JJ2009E
5005JJ2021F
5006EL3001S
5006EN3015A
5006ER2006M
5006ER2006Z
5006JA3049A
5006JJ3003E
5006JJ3004F
5006JJ3007A
5006JJ3016A
5006W3A019A
5007JA3007B
5014A20003A
5020ED3011B
5026W1A048C
5026W1A078B
5027JJ1028E
5027JJ1100S
5029303600
503126
5035JA2001A
5040EA4003A
5040JA3033B
5040JA3063B
5040JQ2003A
5065923100
5072JA3003F
5072JQ3002F
5074JA1003G
5074JJ1006A
5075JJ1003H
5170P922-60
5170P966-60
5171P208-60
5171P925-60
5201EL2001A
5208ER1001B
5208ER1004A
5208ER1006A
5209JA1036A
5210JA3005U
5211JA2003B
5214EA3004A
5214EN4002B
5214ER4001C
5214ER4003P
5214FA3737B
5214FR4006R
5214FR4058W
5214FR4125L
5215ER2002K
5215FD3715W
5218JA1008C
5218JA1009F
5218JA1010M
5219DD2001A
5219DD2002A
5220FR2006W
5221EA1001S
5221EN1005B
5221ER1003M
5221ER1003S
5221JA2006A
5221JQ2002X
5230A20004A
5230A20007D
5230A20051A
5230W1A011E
5230W1A012E
5230W1A012G
5231A20030F
5231F71002J
5249DD1001B
5249DD1001D
5251FA1699J
5251JA2006B
5251JA3004B
5300019801
5300114366
5300136187
5300158289
5300161845
5300168328
5300169849
5300185406
5300210911
5300265301
5300515149
5300622032
5300638957
5300807590
5300807853
5300809140
5300809584
5300809703
5300809704
5300809901
5300809918
5300809920
5300809927
5300809968
5300JB1100Q
5300JB1100R
5300JB1100W
5300JB1114Z
5300JK1005K
5300JK1005Z
5300W
5301304907
5301315026
5303001321
5303002079
5303007295
5303009309
5303011495
5303013272
5303016247
5303016865
5303016997
5303017715
5303018740
5303018741
5303051017
5303051055
5303051140
5303051516
5303051519
5303131115
5303161099
5303161173
5303161199
5303161306
5303161307
5303200332
5303201237
5303202011
5303203397
5303206517
5303206717
5303207037
5303207042
5303207102
5303207152
5303207229
5303207230
5303207345
5303207409
5303207410
5303207411
5303207601
5303207644
5303208309
5303208499
5303208778
5303209428
5303209487
5303210156
5303210167
5303210272
5303210787
5303211472
5303212803
5303212828
5303212872
5303212918
5303261155
5303271092
5303272476
5303274292
5303274520
5303279394
5303280326
5303280587
5303281020
5303281049
5303281079
5303281113
5303281135
5303281154
5303281170
5303283113
5303283132
5303283286
5303285386
5303285939
5303285940
5303285965
5303286905
5303288856
5303288968
5303288971
5303288973
5303289500
5303289501
5303289517
5303291616
5303292169
5303292395
5303293375
5303295311
5303297177
5303297420
5303298513
5303299664
5303300237
5303301708
5303302280
5303302990
5303303944
5303304624
5303304709
5303305486
5303305604
5303305652
5303307010
5303307285
5303307580
5303307583
5303307887
5303307893
5303307896
5303308608
5303309906
5303310272
5303310273
5303310289
5303310292
5303310536
5303311202
5303314248
5303316768
5303318539
5303319550
5303319559
5303319561
5303319568
5303319575
5303321321
5303321364
5303322992
5303323278
5303323480
5303323481
5303323704
5303325990
5303325991
5303326236
5303351176
5303912510
5303912533
5303912606
5303916855
5303917633
5303917634
5303917931
5303918156
5303918201
5303918202
5303918203
5303918208
5303918240
5303918241
5303918247
5303918255
5303918256
5303918258
5303918261
5303918263
5303918274
5303918275
5303918276
5303918278
5303918279
5303918284
5303918286
5303918287
5303918288
5303918290
5303918301
5303918327
5303918330
5303918344
5303918358
5303918375
5303918410
5303918414
5303918416
5303918438
5303918442
5303918443
5303918445
5303918446
5303918448
5303918455
5303918467
5303918479
5303918480
5303918484
5303918489
5303918491
5303918492
5303918493
5303918496
5303918497
5303918499
5303918501
5303918502
5303918506
5303918507
5303918508
5303918511
5303918514
5303918525
5303918528
5303918538
5303918549
5303918554
5303918556
5303918558
5303918568
5303918569
5303918571
5303918594
5303918596
5303918597
5303918599
5303918602
5303918603
5303918607
5303918608
5303918616
5303918618
5303918634
5303918637
5303918638
5303918644
5303918645
5303918658
5303918659
5303918660
5303918671
5303918673
5303918675
5303918679
5303918680
5303918684
5303918689
5303918690
5303918693
5303918694
5303918704
5303918706
5303918714
5303918717
5303918723
5303918728
5303918733
5303918736
5303918738
5303918744
5303918762
5303918773
5303918774
5303918775
5303918776
5303918779
5303918782
5303918784
5303918786
5303918791
5303918792
5303918794
5303918799
5303918809
5303918810
5303918823
5303918824
5303918851
5303922007
5303925377
5303931775
5303934042
5303935055
5303935057
5303935058
5303935059
5303935066
5303935067
5303935068
5303935081
5303935086
5303935092
5303935128
5303935189
5303935192
5303935200
5303935203
5303935218
5303935232
5303935234
5303935236
5303935237
5303935238
5303935244
5303935259
5303935271
5303935276
5303935305
5303935307
5303935308
5303935309
5303935318
5303935324
5303935326
5303935345
5303935377
5303935378
5303935380
5303937125
5303937129
5303937142
5303937183
5303937186
5303937190
5304401265
5304401845
5304402658
5304402688
5304402781
5304403015
5304404821
5304404826
5304405241
5304406099
5304406520
5304408936
5304408938
5304408980
5304409888
5304409912
5304410951
5304411659
5304412423
5304413178
5304416583
5304417433
5304418225
5304428401
5304430149
5304430150
5304432129
5304432169
5304433579
5304433901
5304434189
5304435921
5304435999
5304436055
5304436333
5304436535
5304436595
5304436823
5304437642
5304438633
5304439725
5304439835
5304440019
5304440021
5304440023
5304440028
5304440285
5304440289
5304440314
5304440316
5304440323
5304440335
5304440780
5304440820
5304440821
5304440831
5304440833
5304440835
5304440845
5304440860
5304440861
5304441374
5304441833
5304441868
5304441870
5304441872
5304441893
5304442087
5304442145
5304442173
5304442175
5304442620
5304442866
5304443219
5304443436
5304443989
5304444393
5304444406
5304444675
5304444694
5304445063
5304445529
5304445530
5304445976
5304445977
5304446010
5304446012
5304446028
5304447243
5304447258
5304447491
5304447883
5304448007
5304448380
5304448402
5304448483
5304448490
5304448513
5304448832
5304448837
5304448868
5304450254
5304451399
5304451403
5304451452
5304451487
5304452055
5304452060
5304452542
5304452608
5304452797
5304453933
5304453940
5304454273
5304454992
5304455391
5304455603
5304455655
5304455738
5304456087
5304456094
5304456101
5304456129
5304456131
5304456139
5304456155
5304456397
5304456425
5304456665
5304456667
5304456668
5304456675
5304457604
5304457700
5304457724
5304458312
5304458372
5304458375
5304458391
5304458426
5304458933
5304459172
5304459187
5304459230
5304459446
5304459461
5304459574
5304459696
5304459720
5304459876
5304459940
5304460356
5304460418
5304460911
5304460920
5304460965
5304460966
5304461009
5304461019
5304461023
5304461109
5304461114
5304461116
5304461119
5304461125
5304461165
5304461199
5304461262
5304461521
5304461725
5304461727
5304461770
5304462176
5304462226
5304462314
5304462594
5304462632
5304462665
5304462915
5304463156
5304463302
5304463315
5304463316
5304463417
5304463439
5304463525
5304463780
5304463786
5304464065
5304464091
5304464103
5304464106
5304464118
5304464192
5304464198
5304464201
5304464253
5304464256
5304464263
5304464265
5304464266
5304464295
5304464296
5304464343
5304464438
5304464978
5304464983
5304464991
5304465210
5304465314
5304465362
5304465394
5304465421
5304465423
5304465446
5304466038
5304466224
5304466255
5304466677
5304467317
5304467470
5304467670
5304467671
5304467693
5304467695
5304467696
5304467717
5304467718
5304467720
5304467773
5304467789
5304467802
5304467830
5304467897
5304467898
5304468135
5304468156
5304468192
5304468199
5304468224
5304468568
5304468869
5304468939
5304469090
5304469104
5304469378
5304469384
5304469602
5304469950
5304470240
5304470257
5304470264
5304470276
5304470321
5304470324
5304470343
5304470508
5304470521
5304470539
5304470545
5304470546
5304470547
5304470548
5304470549
5304470550
5304470582
5304470591
5304470592
5304470971
5304470987
5304471063
5304471065
5304471066
5304471077
5304471193
5304471197
5304471214
5304471308
5304471383
5304471387
5304471794
5304471817
5304471831
5304471836
5304472036
5304472062
5304472109
5304472338
5304472356
5304472397
5304472398
5304472415
5304472416
5304472428
5304472446
5304472450
5304472452
5304472454
5304472462
5304472493
5304472532
5304472558
5304472609
5304472642
5304472840
5304473796
5304473808
5304473818
5304473830
5304473842
5304473845
5304473972
5304474002
5304474405
5304474437KIT
5304474656
5304474695
5304474696
5304474853
5304475098
5304475102
5304475129
5304475168
5304475169
5304475309
5304475570
5304475572
5304475583
5304475587
5304475593
5304475595
5304475598
5304475599
5304475601
5304475602
5304475606
5304475609
5304475625
5304475632
5304475644
5304475645
5304475705
5304475730
5304475797
5304475890
5304476059
5304476066
5304476177
5304476179
5304476181
5304476197
5304476198
5304476199
5304476200
5304476233
5304476257
5304476267
5304476269
5304476312
5304476316
5304476322
5304476367
5304476390
5304476442
5304476445
5304476470
5304476515
5304476521
5304476618
5304476631
5304476700
5304476781
5304476793
5304476802
5304476847
5304476851
5304476866
5304476904
5304476951
5304477003
5304477054
5304477136
5304477145
5304477181
5304477197
5304477285
5304477330
5304477353
5304477374
5304477384
5304477389
5304477394
5304477398
5304477399
5304477401
5304478193
5304478375
5304478376
5304478418
5304478533
5304478809
5304478915
5304478917
5304478919
5304478927
5304478928
5304478937
5304478954
5304478956
5304479020
5304479021
5304479028
5304479274
5304479275
5304479276
5304479314
5304479815
5304479822
5304479837
5304480196
5304480634
5304480636
5304480638
5304480639
5304480640
5304480641
5304480644
5304480652
5304480656
5304480692
5304480709
5304480722
5304480734
5304480780
5304480782
5304480915
5304481341
5304481345
5304481386
5304481503
5304481504
5304481505
5304481506
5304481625
5304481680
5304481749
5304482110
5304482236
5304482242
5304482248
5304482254
5304482256
5304482257
5304482258
5304482261
5304482272
5304482375
5304482389
5304482393
5304482421
5304482424
5304482439
5304482442
5304482453
5304482455
5304482465
5304482472
5304482479
5304482498
5304482502
5304482503
5304482504
5304482508
5304482549
5304482555
5304482622
5304482750
5304482883
5304482937
5304483054
5304483058
5304483063
5304483215
5304483216
5304483389
5304483438
5304483456
5304483462
5304483463
5304483485
5304483490
5304483506
5304483509
5304483547
5304483642
5304483693
5304483708
5304483797
5304483952
5304483953
5304483954
5304483959
5304483961
5304483971
5304483972
5304483981
5304484121
5304484122
5304484144
5304484643
5304484644
5304484829
5304484939
5304484940
5304485180
5304485329
5304485359
5304485393
5304485407
5304485471
5304485475
5304485558
5304485651
5304485721
5304485887
5304485963
5304486015
5304486016
5304486020
5304487139
5304487153
5304487432
5304487460
5304487535
5304487548
5304487566
5304487810
5304488356
5304488360
5304488361
5304488363
5304488369
5304488371
5304488380
5304488389
5304488392
5304488411
5304488417
5304488476
5304488479
5304488480
5304489657
5304489881
5304490021
5304490122
5304490123
5304490134
5304490142
5304490369
5304490410
5304490556
5304490714
5304490717
5304490721
5304490724
5304490728
5304490729
5304490733
5304490736
5304490938
5304490956
5304490957
5304490958
5304490963
5304490966
5304491062
5304491063
5304491211
5304491322
5304491325
5304491326
5304491328
5304491446
5304491464
5304491477
5304491492
5304491496
5304491500
5304491515
5304491517
5304491546
5304491569
5304491570
5304491583
5304491584
5304491585
5304491590
5304491613
5304491614
5304491622
5304491623
5304491624
5304491633
5304491650
5304491703
5304491760
5304491761
5304491769
5304491779
5304491801
5304491872
5304491873
5304491875
5304491882
5304491883
5304491941
5304491942
5304491943
5304491944
5304492030
5304492053
5304492070
5304492072
5304492213
5304492232
5304492243
5304492254
5304492290
5304492316
5304492319
5304492322
5304492323
5304492426
5304492440
5304492442
5304492443
5304492448
5304492453
5304492543
5304492617
5304492642
5304492665
5304492944
5304493021
5304493024
5304493025
5304493053
5304493150
5304493204
5304493236
5304493416
5304493447
5304493449
5304493603
5304493604
5304493614
5304493644
5304493646
5304493649
5304493668
5304493711
5304493735
5304493868
5304493869
5304493872
5304493950
5304493974
5304493980
5304493988
5304494023
5304494062
5304494063
5304494065
5304494066
5304494105
5304494110
5304494209
5304494212
5304494360
5304494412
5304494414
5304494416
5304494417
5304494425
5304494426
5304494433
5304494446
5304494686
5304494688
5304494732
5304494820
5304494997
5304495028
5304495030
5304495031
5304495035
5304495353
5304495365
5304495391
5304495394
5304495510
5304495520
5304495521
5304495522
5304495592
5304495622
5304495625
5304495917
5304496042
5304496050
5304496068
5304496236
5304496240
5304496252
5304496261
5304496262
5304496284
5304496440
5304496448
5304496497
5304496503
5304496506
5304496508
5304496525
5304496526
5304496559
5304496560
5304496561
5304496585
5304496675
5304496687
5304496781
5304496811
5304496820
5304496827
5304496852
5304496934
5304497244
5304497251
5304497345
5304497387
5304497413
5304497424
5304497439
5304497604
5304497658
5304497666
5304497788
5304497789
5304497863
5304497976
5304497977
5304498049
5304498101
5304498358
5304498578
5304498684
5304498685
5304498690
5304498693
5304498695
5304498696
5304498733
5304498734
5304498736
5304498781
5304498786
5304498787
5304498788
5304498808
5304498818
5304498835
5304498836
5304498909
5304498927
5304498949
5304498968
5304499060
5304499075
5304499076
5304499077
5304499078
5304499079
5304499081
5304499297
5304499335
5304499336
5304499339
5304499392
5304499393
5304499412
5304499441
5304499445
5304499463
5304499489
5304499540
5304499575
5304499581
5304499602
5304499627
5304499648
5304499689
5304499706
5304499875
5304499966
5304500086
5304500101
5304500107
5304500110
5304500113
5304500114
5304500135
5304500136
5304500184
5304500188
5304500189
5304500204
5304500220
5304500250
5304500266
5304500283
5304500304
5304500408
5304500416
5304500426
5304500427
5304500431
5304500439
5304500440
5304500456
5304500463
5304500464
5304500486
5304500517
5304500522
5304500523
5304500530
5304500534
5304500543
5304500580
5304500585
5304500591
5304500594
5304500602
5304500622
5304500624
5304500627
5304500657
5304500661
5304500709
5304500778
5304500815
5304500851
5304500878
5304500879
5304500884
5304500885
5304500947
5304501015
5304501023
5304501039
5304501070
5304501096
5304501142
5304501158
5304501174
5304501175
5304501181
5304501183
5304501270
5304501271
5304501347
5304501428
5304501436
5304501482
5304501484
5304501485
5304501498
5304501730
5304501808
5304501833
5304501859
5304501863
5304501881
5304501936
5304501946
5304501960
5304501961
5304502057
5304502059
5304502061
5304502062
5304502063
5304502075
5304502088
5304502102
5304502152
5304502153
5304502171
5304502389
5304502429
5304502520
5304502625
5304502644
5304502645
5304502750
5304502761
5304502762
5304502763
5304502778
5304502779
5304502780
5304502818
5304502821
5304502841
5304502902
5304502963
5304502972
5304502974
5304502986
5304503163
5304503170
5304503172
5304503187
5304503190
5304503192
5304503211
5304503232
5304503259
5304503261
5304503308
5304503312
5304503313
5304503314
5304503316
5304503333
5304503344
5304503371
5304503437
5304503440
5304503483
5304503496
5304503670
5304503712
5304503728
5304503731
5304503732
5304503737
5304503756
5304503761
5304503762
5304503763
5304503866
5304503984
5304503989
5304503991
5304503994
5304504028
5304504030
5304504031
5304504032
5304504035
5304504070
5304504072
5304504073
5304504180
5304504239
5304504259
5304504279
5304504300
5304504307
5304504310
5304504418
5304504436
5304504437
5304504447
5304504451
5304504455
5304504482
5304504483
5304504505
5304504536
5304504539
5304504575
5304504586
5304504588
5304504655
5304504659
5304504660
5304504710
5304504752
5304504811
5304504833
5304504838
5304504840
5304504863
5304504886
5304504887
5304504903
5304504914
5304504957
5304504977
5304504995
5304504997
5304504999
5304505000
5304505001
5304505004
5304505010
5304505058
5304505064
5304505075
5304505081
5304505086
5304505087
5304505096
5304505107
5304505111
5304505112
5304505115
5304505117
5304505119
5304505121
5304505127
5304505133
5304505136
5304505139
5304505161
5304505162
5304505163
5304505165
5304505169
5304505178
5304505191
5304505192
5304505209
5304505221
5304505232
5304505233
5304505240
5304505250
5304505251
5304505258
5304505269
5304505271
5304505313
5304505317
5304505318
5304505329
5304505330
5304505337
5304505339
5304505388
5304505406
5304505407
5304505408
5304505436
5304505461
5304505462
5304505463
5304505483
5304505512
5304505520
5304505522
5304505529
5304505535
5304505540
5304505563
5304505574
5304505576
5304505611
5304505612
5304505655
5304505675
5304505678
5304505690
5304505691
5304505692
5304505693
5304505694
5304505695
5304505699
5304505701
5304505703
5304505730
5304505763
5304505785
5304505824
5304505897
5304506042
5304506073
5304506099
5304506123
5304506124
5304506125
5304506126
5304506131
5304506133
5304506135
5304506153
5304506156
5304506211
5304506303
5304506405
5304506409
5304506426
5304506427
5304506469
5304506470
5304506471
5304506508
5304506516
5304506517
5304506518
5304506520
5304506521
5304506525
5304506530
5304506533
5304506535
5304506540
5304506544
5304506545
5304506547
5304506548
5304506549
5304506550
5304506555
5304506557
5304506660
5304506663
5304506717
5304506719
5304506720
5304506740
5304506743
5304506746
5304506792
5304506794
5304506807
5304506908
5304506911
5304506916
5304506923
5304506946
5304506949
5304506955
5304506963
5304506984
5304507002
5304507018
5304507038
5304507039
5304507078
5304507079
5304507086
5304507087
5304507112
5304507158
5304507171
5304507177
5304507200
5304507201
5304507202
5304507205
5304507206
5304507212
5304507218
5304507220
5304507282
5304507284
5304507286
5304507287
5304507290
5304507340
5304507346
5304507347
5304507349
5304507354
5304507359
5304507360
5304507386
5304507387
5304507394
5304507395
5304507398
5304507405
5304507449
5304507499
5304507527
5304507528
5304507555
5304507571
5304507573
5304507670
5304507680
5304507765
5304507767
5304507768
5304507800
5304507888
5304507976
5304507977
5304507978
5304507979
5304507999
5304508006
5304508008
5304508009
5304508014
5304508016
5304508018
5304508025
5304508027
5304508033
5304508034
5304508035
5304508037
5304508038
5304508039
5304508042
5304508043
5304508044
5304508045
5304508046
5304508049
5304508066
5304508067
5304508072
5304508094
5304508095
5304508096
5304508097
5304508115
5304508117
5304508175
5304508232
5304508251
5304508269
5304508270
5304508356
5304508360
5304508369
5304508375
5304508428
5304508432
5304508435
5304508437
5304508439
5304508441
5304508442
5304508443
5304508445
5304508449
5304508465
5304508468
5304508509
5304508542
5304508543
5304508574
5304508587
5304508689
5304508690
5304508691
5304508699
5304508721
5304508741
5304508753
5304508761
5304508809
5304508810
5304508854
5304508861
5304508862
5304508863
5304508880
5304508923
5304508924
5304508926
5304508956
5304508957
5304508960
5304509006
5304509039
5304509051
5304509052
5304509063
5304509064
5304509065
5304509067
5304509071
5304509118
5304509173
5304509199
5304509230
5304509231
5304509240
5304509241
5304509248
5304509249
5304509267
5304509278
5304509340
5304509376
5304509388
5304509399
5304509420
5304509422
5304509430
5304509431
5304509434
5304509435
5304509436
5304509437
5304509438
5304509440
5304509441
5304509444
5304509447
5304509448
5304509449
5304509450
5304509451
5304509452
5304509453
5304509454
5304509457
5304509458
5304509459
5304509460
5304509469
5304509470
5304509471
5304509474
5304509475
5304509476
5304509478
5304509479
5304509481
5304509482
5304509484
5304509485
5304509486
5304509488
5304509490
5304509493
5304509575
5304509578
5304509581
5304509583
5304509591
5304509592
5304509599
5304509602
5304509605
5304509612
5304509620
5304509621
5304509622
5304509624
5304509626
5304509630
5304509634
5304509637
5304509638
5304509639
5304509640
5304509641
5304509642
5304509643
5304509646
5304509647
5304509649
5304509650
5304509652
5304509660
5304509661
5304509663
5304509676
5304509677
5304509697
5304509706
5304509715
5304509723
5304509745
5304509782
5304509796
5304509809
5304509833
5304509869
5304509889
5304509890
5304509917
5304509920
5304509929
5304509943
5304509983
5304510019
5304510067
5304510094
5304510135
5304510159
5304510193
5304510211
5304510213
5304510214
5304510255
5304510278
5304510279
5304510280
5304510305
5304510306
5304510307
5304510308
5304510309
5304510310
5304510311
5304510322
5304510328
5304510329
5304510331
5304510336
5304510339
5304510340
5304510341
5304510342
5304510343
5304510351
5304510357
5304510358
5304510359
5304510361
5304510364
5304510506
5304510525
5304510527
5304510529
5304510558
5304510580
5304510602
5304510605
5304510621
5304510641
5304510651
5304510704
5304510708
5304510709
5304510719
5304510849
5304510893
5304510987
5304510990
5304511009
5304511026
5304511028
5304511029
5304511059
5304511089
5304511092
5304511146
5304511180
5304511185
5304511254
5304511268
5304511269
5304511270
5304511285
5304511334
5304511335
5304511336
5304511338
5304511339
5304511341
5304511344
5304511349
5304511350
5304511356
5304511358
5304511363
5304511367
5304511369
5304511372
5304511375
5304511377
5304511380
5304511383
5304511384
5304511391
5304511393
5304511396
5304511402
5304511404
5304511412
5304511415
5304511416
5304511419
5304511420
5304511423
5304511424
5304511426
5304511427
5304511428
5304511429
5304511430
5304511431
5304511434
5304511443
5304511444
5304511446
5304511452
5304511453
5304511509
5304511512
5304511513
5304511514
5304511519
5304511565
5304511738
5304511770
5304511775
5304511776
5304511828
5304511843
5304511908
5304511967
5304511973
5304511974
5304511982
5304512042
5304512102
5304512150
5304512272
5304512332
5304512374
5304512375
5304512376
5304512389
5304512400
5304512401
5304512411
5304512501
5304512521
5304512523
5304512527
5304512529
5304512552
5304512560
5304512563
5304512580
5304512584
5304512616
5304512617
5304512624
5304512628
5304512638
5304512639
5304512640
5304512642
5304512643
5304512654
5304512656
5304512686
5304512718
5304512731
5304512769
5304512770
5304512772
5304512782
5304512783
5304512837
5304512839
5304512843
5304512846
5304512847
5304512880
5304512901
5304512917
5304512926
5304512959
5304512999
5304513043
5304513070
5304513071
5304513073
5304513088
5304513125
5304513133
5304513192
5304513220
5304513222
5304513269
5304513274
5304513280
5304513294
5304513303
5304513338
5304513370
5304513386
5304513443
5304513453
5304513455
5304513456
5304513459
5304513461
5304513462
5304513463
5304513464
5304513465
5304513469
5304513471
5304513472
5304513473
5304513477
5304513480
5304513509
5304513529
5304513531
5304513540
5304513547
5304513563
5304513568
5304513584
5304513591
5304513609
5304513655
5304513664
5304513665
5304513666
5304513667
5304513708
5304513740
5304513741
5304513746
5304513753
5304513764
5304513765
5304513766
5304513768
5304513775
5304513783
5304513787
5304513797
5304513801
5304513805
5304513807
5304513819
5304513908
5304514064
5304514068
5304514114
5304514116
5304514117
5304514118
5304514123
5304514126
5304514132
5304514135
5304514141
5304514142
5304514143
5304514157
5304514161
5304514166
5304514171
5304514172
5304514173
5304514174
5304514175
5304514178
5304514185
5304514189
5304514198
5304514229
5304514231
5304514249
5304514250
5304514264
5304514265
5304514266
5304514335
5304514339
5304514341
5304514365
5304514390
5304514391
5304514395
5304514663
5304514664
5304514670
5304514676
5304514707
5304514769
5304514774
5304514775
5304514781
5304514782
5304514792
5304514793
5304514794
5304514801
5304514802
5304514803
5304514819
5304514822
5304514825
5304514832
5304514905
5304514907
5304514908
5304514912
5304514913
5304514915
5304514916
5304514922
5304514924
5304514943
5304514944
5304514953
5304514956
5304514963
5304514983
5304514984
5304515041
5304515047
5304515069
5304515072
5304515131
5304515148
5304515170
5304515178
5304515179
5304515182
5304515183
5304515184
5304515185
5304515226
5304515231
5304515232
5304515233
5304515234
5304515236
5304515238
5304515293
5304515296
5304515308
5304515309
5304515313
5304515317
5304515318
5304515366
5304515376
5304515377
5304515403
5304515405
5304515407
5304515408
5304515410
5304515413
5304515428
5304515472
5304515501
5304515502
5304515503
5304515550
5304515573
5304515591
5304515611
5304515626
5304515659
5304515723
5304515729
5304515738
5304515739
5304515756
5304515770
5304515792
5304515796
5304515811
5304515818
5304515819
5304515822
5304515831
5304515832
5304515840
5304515844
5304515845
5304515865
5304515916
5304515923
5304515943
5304515946
5304515948
5304515978
5304515979
5304516044
5304516049
5304516073
5304516075
5304516080
5304516081
5304516117
5304516119
5304516129
5304516131
5304516132
5304516133
5304516152
5304516153
5304516154
5304516155
5304516158
5304516159
5304516160
5304516192
5304516199
5304516268
5304516275
5304516279
5304516281
5304516283
5304516286
5304516303
5304516317
5304516326
5304516340
5304516341
5304516355
5304516392
5304516404
5304516419
5304516440
5304516449
5304516450
5304516453
5304516458
5304516502
5304516508
5304516517
5304516519
5304516554
5304516567
5304516608
5304516650
5304516655
5304516657
5304516661
5304516662
5304516668
5304516678
5304516705
5304516720
5304516731
5304516745
5304516748
5304516754
5304516766
5304516767
5304516837
5304516871
5304516891
5304516928
5304516933
5304517003
5304517017
5304517075
5304517173
5304517174
5304517201
5304517203
5304517206
5304517207
5304517208
5304517271
5304517285
5304517288
5304517315
5304517318
5304517325
5304517327
5304517329
5304517331
5304517376
5304517377
5304517381
5304517383
5304517386
5304517477
5304517509
5304517510
5304517540
5304517543
5304517544
5304517567
5304517586
5304517587
5304517591
5304517603
5304517614
5304517622
5304517623
5304517626
5304517643
5304517644
5304517648
5304517649
5304517656
5304517657
5304517659
5304517660
5304517663
5304517664
5304517665
5304517673
5304517676
5304517679
5304517680
5304517729
5304517731
5304517732
5304517735
5304517742
5304517823
5304517841
5304517871
5304517872
5304517878
5304517886
5304517890
5304517891
5304517892
5304517893
5304517902
5304517903
5304517904
5304517905
5304517906
5304517938
5304517944
5304517981
5304517982
5304518011
5304518014
5304518015
5304518022
5304518023
5304518029
5304518030
5304518034
5304518095
5304518120
5304518138
5304518150
5304518151
5304518171
5304518179
5304518206
5304518215
5304518244
5304518252
5304518255
5304518260
5304518267
5304518268
5304518271
5304518358
5304518359
5304518412
5304518458
5304518467
5304518472
5304518473
5304518478
5304518482
5304518483
5304518492
5304518493
5304518510
5304518516
5304518517
5304518518
5304518520
5304518523
5304518528
5304518530
5304518536
5304518550
5304518565
5304518585
5304518604
5304518629
5304518635
5304518640
5304518643
5304518645
5304518646
5304518647
5304518649
5304518660
5304518661
5304518787
5304518793
5304518821
5304518822
5304518849
5304518868
5304518870
5304518895
5304518898
5304518899
5304518905
5304518907
5304518909
5304518910
5304518913
5304518927
5304518931
5304518940
5304518968
5304518986
5304519003
5304519024
5304519036
5304519037
5304519038
5304519044
5304519051
5304519060
5304519061
5304519062
5304519065
5304519072
5304519073
5304519074
5304519075
5304519076
5304519077
5304519078
5304519079
5304519091
5304519092
5304519093
5304519095
5304519096
5304519106
5304519112
5304519115
5304519116
5304519127
5304519132
5304519140
5304519149
5304519154
5304519156
5304519157
5304519159
5304519168
5304519170
5304519173
5304519176
5304519182
5304519187
5304519196
5304519206
5304519207
5304519208
5304519209
5304519211
5304519216
5304519226
5304519227
5304519235
5304519239
5304519245
5304519247
5304519248
5304519271
5304519272
5304519282
5304519289
5304519296
5304519304
5304519306
5304519318
5304519324
5304519327
5304519330
5304519335
5304519336
5304519337
5304519340
5304519341
5304519342
5304519343
5304519345
5304519347
5304519351
5304519439
5304519460
5304519463
5304519468
5304519501
5304519502
5304519503
5304519505
5304519537
5304519630
5304519638
5304519646
5304519654
5304519703
5304519747
5304519776
5304519777
5304519784
5304519892
5304519893
5304519894
5304519898
5304519899
5304519906
5304519911
5304519915
5304519924
5304519925
5304519929
5304519932
5304519939
5304519943
5304519945
5304519967
5304520007
5304520008
5304520018
5304520019
5304520021
5304520026
5304520030
5304520031
5304520035
5304520037
5304520038
5304520040
5304520152
5304520190
5304520258
5304520261
5304520271
5304520272
5304520297
5304520302
5304520336
5304520338
5304520351
5304520367
5304520368
5304520369
5304520370
5304520371
5304520372
5304520387
5304520456
5304520458
5304520460
5304520462
5304520472
5304520476
5304520481
5304520482
5304520483
5304520484
5304520485
5304520491
5304520493
5304520495
5304520505
5304520515
5304520517
5304520520
5304520527
5304520552
5304520581
5304520582
5304520584
5304520585
5304520634
5304520635
5304520660
5304520707
5304520710
5304520772
5304520784
5304520787
5304520833
5304520840
5304520868
5304520923
5304520940
5304520944
5304520948
5304521002
5304521004
5304521007
5304521010
5304521013
5304521014
5304521015
5304521016
5304521020
5304521021
5304521033
5304521035
5304521037
5304521042
5304521043
5304521077
5304521094
5304521105
5304521121
5304521140
5304521146
5304521153
5304521159
5304521160
5304521161
5304521162
5304521165
5304521172
5304521189
5304521205
5304521221
5304521222
5304521229
5304521235
5304521240
5304521244
5304521253
5304521260
5304521276
5304521294
5304521296
5304521347
5304521369
5304521372
5304521373
5304521401
5304521434
5304521438
5304521443
5304521447
5304521495
5304521513
5304521525
5304521526
5304521564
5304521572
5304521573
5304521592
5304521699
5304521739
5304521745
5304521762
5304521770
5304521777
5304521778
5304521779
5304521784
5304521789
5304521813
5304521814
5304522011
5304522013
5304522046
5304522071
5304522100
5304522104
5304522111
5304522123
5304522173
5304522176
5304522218
5304522219
5304522238
5304522242
5304522245
5304522258
5304522265
5304522314
5304522315
5304522317
5304522320
5304522324
5304522325
5304522460
5304522475
5304522485
5304522488
5304522522
5304522523
5304522524
5304522525
5304522537
5304522538
5304522623
5304522638
5304522643
5304522718
5304522737
5304522754
5304522757
5304522901
5304523052
5304523125
5304523135
5304523139
5304523151
5304523223
5304523229
5304523248
5304523254
5304523257
5304523259
5304523261
5304523263
5304523264
5304523265
5304523275
5304523280
5304523296
5304523304
5304523307
5304523308
5304523561
5304523657
5304523792
5304523822
5304523900
5304524340
5304524355
5304524545
5304524607
5304524650
5304524839
5304524857
5304524866
5304524987
5304525208
5304525229
5304525526
5304525534
5304525579
5304525619
5304525625
5305511218
5305516311
5305516564
5305877995
5305878546
5307529770
5308000010
5308000110
5308000133
5308000186
5308000716
5308001742
5308001832
5308002750
5308003114
5308003347
5308007123
5308008910
5308009754
5308010366
5308010887
5308011964
5308015089
5308015399
5308015434
5308015614
5308015741
5308015778
5308015828
5308027429
5308027430
5308068062
5308815072
5308816562
5308819002
5308819003
5308819004
5308819005
5308819006
5308819007
5308819008
5308819106
5308819108
5308950197
5309918806
5309950885
5309950886
5309950887
5309957099
5316651102
5317842502
5318680302
5366021400
5400JA2042N
5400JA3058E
5400JJ2042P
5403EL1001D
5421A20250B
5421A20252A
5421JJ0002A
5421JJ0002C
5490
55882
55A240IUBEN-SS 
561940444
5700P829-60
5765M453-60
5765M487-60
5859A20002C
5859ER1002C
58804A
58804B
5889W2A012N
5889W2A012P
5889W2A016A
5900W1A004C
5900W1N004B
5901A20046A
5901AR2441A
5901JA1012B
5901JA1014A
5901JQ1007A
5901W1A003B
5901W1A003D
5989JA1002M
5FT
5K
6001-002701
6002-000216
6009-001001
6009-001395
6011-004061
6021-001201
6031-001640
6031-002007
60A15
61001909
61001924
61002091
61002360
61004775
61005484
6120AR2194G
6201EC2002Q
6201W1A009E
63001107
6302W5A011D
6322W2A001A
6323EL2001A
63580
63977
6411A20056A
646123406
65
6500JB1001H
6500JB1008D
6500JB2002E
6500JB2008Z
6501EA1001U
6501ED2002G
6501ED2002K
6501EL3002B
6501EN1001M
6501KW2001B
6549W1S017P
6600JB2004E
6600JB3007L
6600L000023
6600W1K001B
6600W1K001D
6601-002637
6601EN1003D
6601ER1006S
6602-001717
6610364
6615JB2005U
6620G00007C
6631FI3156G
67001012
67001019
67001067
67001073
67001139
67001141
67001409
67001900
67003420
67003493
67003697
67003940
67004116
67004117
67004311
67004884
67004955
67005125
67005288
67005680
67006424
67007028
6749C-0013B
6749C-0014E
675351
675544
676413
6800
68001600
6850EC2001D
6850ER2002L
6850ER2002Q
6851W1A001N
685430
6871A00086B
6871A20259D
6871A20431A
6871A20500B
6871A20680F
6871A20921A
6871DD1006S
6871EL2001A
6871JB1374H
6871JB1423M
6871JB2036D
6871JB2047B
6871JB2074E
6871W1A408A
6871W1A408B
6871W1A453A
6871W1N010E
6871W1S160B
6877EA1044J
6877ER1016H
6877ER1016S
6877ER1047W
6877ER1052F
6877ER3003V
6877ER3003X
6877JB3053D
6877W2A002U
6901ER4001A
6912A40002K
6912JB2002G
6912W1Z004C
6912W3B002K
6912W3H001F
6-918900
6919922
6930W1A003G
6930W1A004N
6930W1A007P
693152
6931EA2001E
69583-1
696073
696547
7109P084-60
7112P093-60
713878
72032
725P3
73218-3010
74003944
74004059
74004105
74005091
74005189
74005492
74006048
74006377
74007182
74007368
74007385
74007498
74007694
74007735
74007736
74007878
74008731
74008733
74008835
74009408
74009415
74010098
74010546
74010773
74010774
74010860
74010961
74010995
74011070
74011142
74011241
74011475
74011583
74011620
74011878
7403P855-60
7404P139-60
7406P228-60
7407P193-60
7450P076-60
7470
7504P294-60
7505P159-60
7506P262-60
7506P263-60
7509P123-60
7527P114-60
7527P136-60
7730P012-60
7733P424-60
7737P418-60
775665
776035
776594
800623P
8008P068-60
801476P
802220P
802624P
802803
8031151
803119P
803615
803669
8038P003-60
8051729
8067758
807004702
807013203
807015314
807022404
807024501
807024601
807032601
807035801
807038640
807047102
807047202
807047901
807048001
807068401
807104203
807111601
807117001
807123002
807144701
807144901
807145201
807152211
807152212
807152215
807181610
807181628
807192701
807194801
807201901
807219901
807226106
807240301
807246303
807278104
807278504
807282902
807327101
807327602
807382106
807387501
807418503
807437110
807445903
807446001
807460013
807460108
807460154
807473201
807526501
807545502
807545503
807545504
807545701
807545702
807545703
807545704
807545705
807555203
807556301
807556302
807654201
807681801
807694801
807844601
807854301
807932201
807966702
807989001
807996701
807999001
808048105
808089303
808092517
808092518
808092537
808136601
808137001
808138102
808274201
808296701
808321102
808364721
808365901
808429704
808455304
808456301
808470401
808534106
808534114
808534115
808608802
808608804
808609202
808618302
808643202
808651606
808653801
808676601
808694401
808695309
808699801
808700401
808713910
808721601
808726001
808751511
808751519
808754601
808754702
808754801
808770701
808770702
808772224
808772225
808772226
808772801
808835601
808843102
808843402
808844401
808858301
808858401
808868202
808868801
808902901
808902902
808923701
808930402
808950005
808991901
809006501
809020010
809041102
809055505
809055507
809069201
809069207
809078301
809090501
809091204
809125001
809137801
809137901
809144701
809144801
809160302NH
809160304
809160305
809160306
809160307
809160308
809160309
809160310
809160316
809160320
809160406
809160409
809160410
809160802
809160803
809160902
809183801
809218333
81
811978901
811988540
814103
814513
8169573
8169738
8181708
8182397
8182414
8182489
8182540
8182847
8183100
8183106
8183948
8184264
8184600
8185233
8186677
8193830
8201752
8205572
8205713
8206395
8211250
8211541
8212353
8212486
8212495
8212638RC
8215556
8269736
8270137
8272768
8273110
8273348
8273888A
8281191
8282566
8285751
8285769
8286043WH
8286094WH
8286403
8286723
8286916
8286932
8287057
8287106
8301399
8304340
8518891
8519517
8520842
8522625
8523599
8528289
8529007
8530169
8533907
8534084
8539142
8540607
8541503
8559844
8562026
8563964
8572546
8579232
8579662
8579663
8580139
86
87
8787
899647060471
903041-9010
903046-9011
903056-9010
903061-9010
903068-9010
903068-9011
903088-9010
903091-9050
903091-9051
903097-9040
903103-9010
903113-9010
903113-9011
903118-9010
903136-9010
903160-9010
93001
965520
9701393
9702313
9703439
9706073
9707793
9708182
9709281
97391199000607
97391199001605
97391453500100
97391453500200
97391453500300
9753602CG
9756921
9757239
9760564
9761072
9761505
9762102
978029
9790408
9791776
9791833
98004633
98005337
98005514
98006083
98007116
98007410
98008276
98009343
98009818
98011569
98016787T
98017516
98017873
98018143
98018144
986459
9870356
989196
99
99001800
99002712
99003071
9913
9916
9917
9950891
9999
9999999050
99AND
A00005903
A00008104
A00010702
A00023201
A00035004
A00044305
A00045701
A00049402
A00049419
A00049442
A00053601
A00055408
A00056504
A00060302
A00060305
A00099901
A00099902
A00099903
A00104102
A00123401
A00126401
A00126501
A00141702
A00166805
A00201409
A00206005
A00212701
A00223923
A00233006
A00233431
A00239833
A00255102
A00255302
A00263801
A00299203
A00299401
A00537602
A00537603
A00537903
A00538502
A00540602
A00845105
A00889001
A00915101
A00924504
A01078804
A01087405
A01164906
A01245801
A01246301
A01256402
A01522802
A01523401
A01757504
A01986801
A02025002
A02169804
A02196201
A02615101
A03134602
A04163901
A04164101
A04233303
A04472905
A04840701
A05193103
A05660505
A05814602
A05936001
A06115601
A06542001
A06579801
A06629603
A10066602
A10281701
A122BA
A13030601
A13059201
A13841801
A14169201
A3030302
A316221501
A316222201
A316222301
A316222401
A316266401
A3410402
AA59-00626A
AAA30793428
AAA30793443
AAA35649102
AAA59301503
AAA72971037
AAA75904801
AAA75946003
AAA75946005
AAA75946006
AAA75946008
AAA76517702
AAA76553206
AAA76555302
AAA76578102
AAA76578104
AAA77169701
AAJ73170003
AAJ73449901
AAJ73449902
AAN73869226
AAP34518203
AAP72909204
AAP72909218
AAP72911203
AAP73031605
AAP73051302
AAP73051304
AAP73051306
AAP73051402
AAP73051504
AAP73051604
AAP73252202
AAP73252204
AAP73252312
AAP73271501
AAP73472502
AAP73631301
AAP73631504
AAP73631701
AAP73631703
AAP73631803
AAP73632802
AAP73711502
AAP73792101
AAP73871501
AAP73871504
AAP73873301
AAP74211301
AAP74271301
AAP74271303
AAP74271304
AAP74471301
AAP74571502
AAZ34009537
AAZ72925603
AAZ73855914
AAZ74576101
AAZ75735901
ABA72913415
ABA72913421
ABA72913424
ABA72913426
ABA72939701
ABA74109001
ABA74928301
ABA75389602
ABF72989701
ABF72989902
ABF73469901
ABF73470001
ABF73569703
ABF73569802
ABH74279602
ABH74399601
ABH74399602
ABH74399711
ABH74479701
ABH74499601
ABH74540602
ABH75139701
ABH75619702
ABJ73769501
ABN72909907
ABN72938902
ABN72938908
ABN73678305
ABN73678306
ABN74298101
ABN74298103
ABN75058701
ABQ56655313
ABQ56655356
ABQ72940010
ABQ72940013
ABQ72940015
ABQ72940018
ABQ72940021
ABQ72940022
ABQ72940028
ABQ72940031
ABQ73081916
ABQ73482401
ABQ73502601
ABQ73502701
ABQ73946702
ABQ73984011
ABQ74110414
ABQ74110416
ABQ74110433
ABQ74404903
ABQ74425107
ABQ74662103
ABQ75742401
ABQ75742501
ABQ75823201
ABQ75823203
ABQ76120501
ABQ76121001
ABQ76121007
ABQ76620201
ABT72989206
ABT73009401
AC125
AC24
ACG72915203
ACG72915205
ACG73104504
ACG73645001
ACG73748502
ACG73749402
ACG73749403
ACG73784701
ACG73946401
ACG73964503
ACG74444901
ACG74444902
ACG76164401
ACJ73410207
ACJ73430105
ACJ73430202
ACJ73650101
ACJ73650102
ACJ73730102
ACJ73790102
ACJ74110101
ACM67573904
ACM73079207
ACM73079253
ACM73720503
ACM73720601
ACM73979708
ACM74119037
ACM74119038
ACM74119039
ACM74519105
ACM74519106
ACM75218726
ACP72929004
ACP73009002
ACQ31707201
ACQ33676522
ACQ34267004
ACQ34533347
ACQ36833803
ACQ36969704
ACQ36969705
ACQ52740910
ACQ73152603
ACQ74914506
ACQ75432188
ACQ76214704
ACQ77069504
ACQ83851104
ACQ85428602
ACQ85428609
ACQ85428622
ACQ85430231
ACQ85430241
ACQ85430255
ACQ85430256
ACQ85430259
ACQ85430263
ACQ85430293
ACQ85431403
ACQ85432701
ACQ85448403
ACQ85448407
ACQ85449501
ACQ85449506
ACQ85626204
ACQ85659301
ACQ85694901
ACQ85830207
ACQ85891301
ACQ85891501
ACQ85930606
ACQ85956604
ACQ85959309
ACQ85959312
ACQ85968605
ACQ85995303
ACQ85995305
ACQ86045309
ACQ86124703
ACQ86124705
ACQ86124706
ACQ86274001
ACQ86274004
ACQ86274031
ACQ86274038
ACQ86284803
ACQ86284806
ACQ86287201
ACQ86325301
ACQ86325403
ACQ86486001
ACQ86509709
ACQ86509719
ACQ86549601
ACQ86594201
ACQ86594203
ACQ86599614
ACQ86599619
ACQ86599627
ACQ86599630
ACQ86599641
ACQ86644211
ACQ86705502
ACQ87005803
ACQ87005808
ACQ87038601
ACQ87038604
ACQ87038608
ACQ87270803
ACQ87309204
ACQ87309252
ACQ87414602
ACQ87420603
ACQ87420607
ACQ87420609
ACQ87420616
ACQ87466901
ACQ87637101
ACQ87681103
ACQ87681105
ACQ87912310
ACQ87912407
ACQ88048201
ACQ88048301
ACQ88048304
ACQ88357558
ACQ88646109
ACQ88651547
ACQ88651548
ACQ88676203
ACQ88886502
ACQ88886507
ACQ89579314
ACQ89579402
ACQ89579403
ACQ89579411
ACQ89583603
ACQ89791103
ACQ90063002
ACQ90351401
ACQ90733103
ACV34326902
ACV34326904
ACV73230103
ACV73430101
ACV73990101
ACW75477501
ACX30568701
ACZ72909672
ACZ73270501
ACZ73750603
ACZ73990802
ACZ74070504
ACZ74170501
ACZ74170502
ACZ74170503
ADC33417701
ADC72301113
ADC72987149
ADC73908106
ADC74347110
ADC74585502
ADD36429836
ADD36429873
ADD73358215
ADD73358316
ADD73358318
ADD73516622
ADD73516623
ADD73697319
ADD73896203
ADD73956127
ADD74236106
ADD74236205
ADD74296604
ADD74296905
ADD74516301
ADD76256111
ADG73329501
ADH73150210
ADJ73252222
ADJ73252226
ADJ73252245
ADJ73292206
ADJ73592107
ADJ74092101
ADJ74812515
ADJ74812516
ADJ75472302
ADL33621010
ADL73061031
ADL73161702
ADL73161707
ADL73341310
ADL73341311
ADL73341415
ADL73381003
ADL73600903
ADL73600907
ADL73683307
ADL73741401
ADL73741411
ADL73762001
ADL73762004
ADL73762005
ADL73762013
ADL73881001
ADL73901317
ADL73980910
ADL73980920
ADL73981016
ADL73981017
ADL74581401
ADL74581702
ADL74760902
ADL75241003
ADL75241108
ADL76180902
ADL76320901
ADL76321001
ADL76681401
ADP36665705
ADP67778501
ADP67804501
ADP67813503
ADP73694301
ADP74753302
ADP74753501
ADP74833601
ADQ33898501
ADQ36011716
ADQ36763411
ADQ36763415
ADQ36772703
ADQ55998601
ADQ72912302
ADQ72933501
ADQ73214403
ADQ73234005
ADQ73353401
ADQ73613301
ADQ73674001
ADQ73693901
ADQ73753313
ADQ73853827
ADQ73913306
ADQ73913308
ADQ73913310
ADQ74233201
ADQ74693701
ADQ75493301
ADV74166302
ADV74166308
ADW34028004
ADW73149901
ADW73269902
ADX52752648
ADX52752665
ADX52752667
ADX72930427
ADX72930460
ADX72930461
ADX73250604
ADX73250607
ADX73270508
ADX73350628
ADX73350629
ADX73350633
ADX73350636
ADX73350901
ADX73350930
ADX73550626
ADX73550627
ADX73571201
ADX73670407
ADX73670408
ADX73730401
ADX73730402
AEB31058101
AEB72004121
AEB72913930
AEB72913935
AEB72913936
AEB72913940
AEB72913943
AEB72913944
AEB72984718
AEB73006904
AEB73564904
AEB73624901
AEB73625302
AEB73745809
AEB73745810
AEB73764504
AEB73764507
AEB73764521
AEB73764522
AEB73765603
AEB73785611
AEB73785615
AEB73865901
AEB73865902
AEB73865906
AEB73944701
AEB74484705
AEB74684604
AEB75144901
AEB75944701
AEB75944801
AEC36177508
AEC36177516
AEC73258603
AEC73278401
AEC73317604
AEC73317608
AEC73317701
AEC73317705
AEC73317707
AEC73317719
AEC73317720
AEC73317724
AEC73317801
AEC73317804
AEC73317810
AEC73317811
AEC73317813
AEC73317815
AEC73337403
AEC73337404
AEC73417801
AEC73437801
AEC73437901
AEC73597502
AEC73597503
AEC73617601
AEC73637401
AEC73637502
AEC73639106
AEC73639107
AEC73657805
AEC73677704
AEC73697601
AEC73857402
AEC73857403
AEC73857404
AEC73857903
AEC73877401
AEC73877402
AEC73877501
AEC73877603
AEC73878002
AEC73878401
AEC73878402
AEC73977501
AEC73977502
AEC74357401
AEC74897804
AEC75117401
AEC75117404
AED37082944
AED37082945
AED37082970
AED37082974
AED37082975
AED37082977
AED37082989
AED37082990
AED37083003
AED37083009
AED37083012
AED37083023
AED37133127
AED37133156
AED37133226
AED72952823
AED72952829
AED73593110
AED73593201
AED73593212
AED73593241
AED73593244
AED73593245
AED73593246
AED73593250
AED73793201
AED73793205
AED74332801
AED74392703
AED74732905
AED74912901
AED74913001
AED74913002
AED74913008
AED75013003
AED75492601
AEG33121504
AEG33897003
AEG59306301
AEG72950001
AEH36821910
AEH54055503
AEH60614116
AEH71135338
AEH71135365
AEH71135372
AEH72957208
AEH72957501
AEH72957502
AEH72957505
AEH72957507
AEH72957514
AEH73577637
AEH73577638
AEH73577643
AEH73676706
AEH73796901
AEH73796902
AEH73816912
AEH73836302
AEH73856207
AEH73856401
AEH73957101
AEH73957102
AEH73976901
AEH73997702
AEH73998905
AEH73999402
AEH74157301
AEH74157302
AEH74157401
AEH74157402
AEH74158001
AEH74176704
AEH74177602
AEH74216501
AEH74256601
AEH74276202
AEH74297001
AEH74556318
AEH74656201
AEH75016201
AEH75176303
AEH75176311
AEH75197003
AEH75256503
AEH75256504
AEJ33026605
AEJ33026606
AEJ33800801
AEJ72909601
AEJ72914501
AEJ73440302
AEJ74840001
AEJ74840003
AEJ75159701
AEJ75540901
AEM34434301
AEM73493402
AEM73493414
AEM74512901
AEM74772903
AEN72910503
AEN73572301
AEQ36756922
AEQ72909602
AEQ72909604
AEQ72910413
AEQ73110201
AEQ73110217
AEQ73110221
AEQ73130002
AEQ73130004
AET73191422
AET73371401
AET73691405
AET73711501
AEY73632002
AEY73632003
AEZ33665708
AEZ34865001
AEZ72993302
AEZ73393301
AEZ73453513
AEZ73453529
AEZ73913401
AEZ73913405
AEZ73913414
AEZ74073401
AEZ74073404
AEZ74073405
AEZ74073406
AEZ74073414
AEZ74073416
AEZ74073417
AEZ74113402
AEZ74293304
AEZ74453502
AEZ74453503
AEZ74453509
AEZ74533301
AEZ74533302
AEZ74533305
AEZ74533306
AEZ74533307
AEZ74533308
AEZ74533309
AEZ74533310
AEZ74533311
AEZ74533312
AEZ74533313
AEZ74533314
AEZ74533316
AEZ74533318
AEZ74533346
AEZ74653701
AEZ74653702
AEZ74653703
AFG72909510
AFG72909525
AFG73169707
AFG73269711
AFK72909202
AFN75492118
AGB34327803
AGB72911101
AGB73092801
AGB73912401
AGB74252404
AGF31510395
AGF78364301
AGF80217801
AGF80232401
AGF80300702
AGL33666160
AGL33667105
AGL34227851
AGL34328046
AGL36868106
AGL52744934
AGL55862044
AGL55862072
AGL55862167
AGL72928904
AGL72929753
AGL72941908
AGL73077927
AGL73093122
AGL73158203
AGL73158229
AGL73158282
AGL73158284
AGL73194708
AGL73473301
AGL73673908
AGL73712611
AGL73754025
AGL73754032
AGL73754033
AGL73754102
AGL73852508
AGL73852606
AGL73954429
AGL73959704
AGL73959710
AGL73961908
AGL73974601
AGL74074306
AGL74074307
AGL74074362
AGL74074375
AGL74074387
AGL74074399
AGL74115104
AGL74115105
AGL74115106
AGL74115120
AGL74115125
AGL74115126
AGL74115127
AGL74115129
AGL74115130
AGL74115136
AGL74115160
AGL74115182
AGL74115192
AGL74121401
AGL74137301
AGL74176040
AGL74254771
AGL74275464
AGL74334828
AGL74334835
AGL74356212
AGL74432615
AGL74774209
AGL74913105
AGL75092823
AGL75092898
AGL75172614
AGL75172615
AGL75373002
AGL75452902
AGL75452905
AGL75452909
AGL75452910
AGL75452911
AGL75452951
AGL75512503
AGL75512508
AGL75533403
AGL75675203
AGL75675207
AGL76194003
AGL76194010
AGL76194013
AGL76992503
AGL76992504
AGM30919401
AGM68583302
AGM73049129
AGM73170611
AGM73170704
AGM73269505
AGM73269506
AGM73329003
AGM73329005
AGM73329006
AGM73329014
AGM73329016
AGM73329018
AGM73329019
AGM73349003
AGM73349005
AGM73551601
AGM73551606
AGM73551615
AGM73551624
AGM73551649
AGM73551656
AGM73551661
AGM73551667
AGM73551668
AGM73551673
AGM73570605
AGM73590304
AGM73590314
AGM73610704
AGM73689603
AGM73689606
AGM73689609
AGM73689620
AGM73812501
AGM73832002
AGM74051504
AGM74051507
AGM74051508
AGM74189101
AGM74269801
AGM74310001
AGM74310003
AGM74709101
AGM75009008
AGM75309003
AGM75309011
AGM75369502
AGM75369503
AGM75370002
AGM75429205
AGM75429206
AGM75469201
AGM75469801
AGM75469902
AGM75469910
AGM75509501
AGM75509601
AGM75509804
AGM75510707
AGM75549801
AGM75549803
AGM75550001
AGM75570310
AGM76149901
AGM76429502
AGM76509002
AGM76891903
AGM76891904
AGR74638801
AGR75305603
AGR75874401
AGU30071218
AGU30071286
AGU30071290
AGU30071291
AGU72925523
AGU72925527
AGU73228801
AGU73729908
AGU73767901
AGU73767903
AGU73767912
AGU73969711
AGU73988702
AGU74110902
AGU74110903
AGU74131502
AGU74268161
AGU74369301
AGU74369305
AGU74369306
AGU74369402
AGU74969003
AGU75008705
AGU75008715
AGU75049003
AGU75188619
AGU75208302
AGU75267903
AGU75267904
AGU75407902
AGZ72909708
AH42-00021A
AH59-02615E
AH59-02632A
AH59-02692E
AH61-03768A
AHA74073801
AHA74073802
AHB32983760
AHB32983761
AHB33839405
AHB73109002
AHB73129108
AHB73129201
AHB73129401
AHH34549301
AHH73109201
AHJ30124502
AHJ73070401
AHJ73130001
AHJ73269903
AHJ73329901
AHJ73349901
AHJ73609901
AHJ73610002
AHL73855301
AHL73894501
AHT34266712
AHT72974902
AHT72975002
AHT72996102
AHT72996106
AHT72996110
AHT72996111
AHT73233902
AHT73233932
AHT73233934
AHT73233939
AHT73233943
AHT73233949
AHT73234003
AHT73234012
AHT73234030
AHT73234036
AHT73253819
AHT73314102
AHT73334102
AHT73453801
AHT73454101
AHT73454202
AHT73455102
AHT73493833
AHT73493934
AHT73493935
AHT73493936
AHT73514201
AHT73514202
AHT73554102
AHT73595401
AHT73595402
AHT73734101
AHT73734102
AHT73734105
AHT73773803
AHT73833801
AHT74574303
AHT74754001
AHV73289801
AHX72909101
AJB73816004
AJB73816005
AJB73816028
AJC68689632
AJC73112302
AJH72949004
AJJ75478305
AJK72909306
AJK72989702
AJK72989703
AJK72989704
AJP32871405
AJP36967811
AJP37061613
AJP72909713
AJP72909821
AJP72909828
AJP72909903
AJP72909904
AJP72909905
AJP72913401
AJP72913701
AJP72913803
AJP72913804
AJP72975102
AJP73015502
AJP73314426
AJP73334411
AJP73334412
AJP73334413
AJP73334414
AJP73334415
AJP73334501
AJP73334502
AJP73334506
AJP73334610
AJP73334611
AJP73334616
AJP73374601
AJP73374602
AJP73374610
AJP73455005
AJP73574701
AJP73574805
AJP73594404
AJP73595013
AJP73595171
AJP73596405
AJP73596407
AJP73596408
AJP73596410
AJP73654624
AJP73654634
AJP73694502
AJP73714510
AJP73714514
AJP73714701
AJP73714702
AJP73714703
AJP73715003
AJP73794403
AJP73815123
AJP73815134
AJP73816203
AJP73874601
AJP73894603
AJP73894604
AJP73894607
AJP73894701
AJP73914501
AJP73914502
AJP73914504
AJP73914505
AJP73914801
AJP73934401
AJP73934402
AJP73934506
AJP74294401
AJP75234913
AJP75235006
AJP75235007
AJP75235107
AJQ54138201
AJQ73413811
AJR56656501
AJR56656502
AJR73067804
AJR74082505
AJR74125001
AJR74166103
AJR76324401
AJS73129202
AJS73149201
AJU34125541
AJU34125552
AJU34125568
AJU36719728
AJU72911101
AJU72911105
AJU72952601
AJU73213001
AJU73292403
AJU73432804
AJU73432806
AJU73432813
AJU73672505
AJU73753101
AJU74852801
AJU74892401
AJU75152602
AJU75632504
AJX32598502
AK59-00179A
AKB73016015
AKB73598010
AKB73715623
AKB73755450
AKC72909202
AKC72949312
AKC73029303
AKC73029306
AKN72949003
AMP30000002
AO68CC
AP2115849
AP3160597
AP3363282
AP3579413
AP3844429
AP4368872
AP4427109
AP5590192
AW1-12
AW2
AW3
AW3-1
AW3-14
AW4
B12548401
B20-3
B5759655
B5779601
B9232H12B1-SB
BA31-00118A
BA75-04540A
BC3-UI
BK190KL2X
BN31-00026C
BN31-00036A
BN39-01154C
BN39-01154H
BN39-01475H
BN39-01652D
BN39-01652E
BN39-01652U
BN39-01773E
BN39-01815B
BN39-02014A
BN39-02015A
BN39-02210A
BN44-00161A
BN44-00270A
BN44-00338B
BN44-00431A
BN44-00437A
BN44-00500B
BN44-00503A
BN44-00512A
BN44-00521A
BN44-00564C
BN44-00599A
BN44-00601A
BN44-00603A
BN44-00606A
BN44-00611D
BN44-00613A
BN44-00619A
BN44-00621C
BN44-00670A
BN44-00675B
BN44-00741A
BN44-00745A
BN44-00755A
BN44-00772A
BN44-00817B
BN44-00874A
BN44-00880A
BN59-01130A
BN59-01174A
BN59-01174D
BN59-01174E
BN59-01176A
BN59-01194A
BN59-01196C
BN59-01239A
BN94-02679X
BN94-05396C
BN94-06194C
BN94-07727C
BN94-07777A
BN94-08476A
BN94-08637B
BN94-09032K
BN94-09064A
BN95-01336B
BN95-01942A
BN96-01912F
BN96-08343D
BN96-09131H
BN96-09533A
BN96-15667A
BN96-16524A
BN96-18872A
BN96-18873A
BN96-22114A
BN96-22117A
BN96-22239J
BN96-22423A
BN96-22726A
BN96-25201A
BN96-25218A
BN96-25219A
BN96-25258A
BN96-25259A
BN96-25263A
BN96-25929A
BN96-26670A
BN96-27044Y
BN96-30102A
BN96-30218A
BN96-30218B
BN96-30391A
BN96-30392A
BN96-30590A
BN96-30712A
BN96-30902Y
BN96-31001A
BN96-31002A
BN96-31530N
BN96-31530Q
BN96-31784B
BN96-32005Y
BN96-32206A
BN96-33236R
BN96-33542B
BN96-34324A
BN96-36273B
BN96-36273C
BP31-00024A
BP47-00029A
BP47-00037A
BP96-00250A
BP96-01579A
C1220T
C18
C6437502
CEI30EF5GSE
CFRE5711KW0
Ch6078
CK23CDS
CLCE500FW0
CLS30820001
CORE60
COV30314906
COV30330401
COV30330403
COV30330607
COV30330701
COV30331801
COV30332410
COV30332411
COV30332711
COV30332815
COV30333308
COV30333401
COV31735601
COV31986801
COV32286801
COV32288301
COV32305701
COV32387901
COV32388301
COV32445601
COV32766201
COV32806701
COV33310601
COV33310702
COV33310902
COV33312301
COV33312306
COV33312902
COV33313002
COV33314803
COV33315601
COV33316001
COV33939102
COV34612502
COV34805669
COV34805681
COV34805682
COV34805691
CPEB30T9DC3
CRSH237LB0
CRYSTAL2
CS16
CS5
CS6
CSP30000201
CSP30000208
CSP30020817
CSP30020818
CSP30020887
CSP30020903
CSP30020904
CSP30020905
CSP30020907
CSP30020985
CSP30020987
CSP30021025
CSP30021028
CSP30021031
CSP30021034
CSP30021035
CSP30021037
CSP30021038
CSP30021077
CSP30042102
CSP30100904
CSP30101414
CSP30102401
CSP30102604
CSP30105001
CSP30105801
CSP30106101
CSP30106201
CSP30242814
CSP30242918
D510502LG
D511255P
D60
D606
D72
DA02-90106R
DA26-00033B
DA27-00001A
DA27-00019D
DA27-00019H
DA27-00019L
DA27-00019M
DA27-00022A
DA27-00022B
DA27-00043D
DA29-00003G
DA29-00020B
DA31-00010B
DA31-00010D
DA31-00016A
DA31-00020D
DA31-00020E
DA31-00020R
DA31-00043D
DA31-00043E
DA31-00043F
DA31-00053A
DA31-00062A
DA31-00070E
DA31-00071G
DA31-00079D
DA31-00101C
DA31-00103A
DA31-00105A
DA31-00105G
DA31-00105J
DA31-00105M
DA31-00146A
DA31-00146B
DA31-00146E
DA31-00146J
DA31-00210D
DA31-00211A
DA31-00213A
DA31-00230A
DA31-00242A
DA31-00278B
DA31-00279A
DA31-00305B
DA31-00305C
DA31-00320A
DA31-00332A
DA31-00334C
DA31-00334D
DA31-00338A
DA31-00346A
DA32-00006E
DA32-00006Q
DA32-00006R
DA32-00006S
DA32-00006T
DA32-00006W
DA32-00011C
DA32-00011E
DA32-00011J
DA32-00011U
DA32-00019E
DA32-00024L
DA32-00024U
DA32-00024V
DA32-00024W
DA32-00024X
DA32-00027B
DA32-00027D
DA32-00027E
DA32-00029A
DA32-00029B
DA32-00029D
DA32-00029F
DA32-00029M
DA32-00029N
DA32-00029P
DA32-00029Q
DA32-00029R
DA32-00029U
DA32-00033D
DA32-00033E
DA32-00034B
DA32-00066B
DA32-00070A
DA32-00070B
DA32-00070C
DA32-00070K
DA32-00070L
DA32-00070M
DA32-00070Q
DA32-00074A
DA32-10104N
DA32-10105B
DA32-10105G
DA32-10105H
DA32-10105Q
DA32-10105R
DA32-10105S
DA32-10105T
DA32-10105X
DA32-10109B
DA32-10109H
DA32-10109V
DA32-10109W
DA32-10109X
DA32-10109Y
DA34-00004C
DA34-00004D
DA34-00006C
DA34-00011B
DA34-00041A
DA34-00041B
DA34-00043B
DA34-00043D
DA34-00043J
DA34-00047B
DA34-00066A
DA34-10003D
DA34-10003S
DA34-10003V
DA34-10120E
DA34-10138J
DA35-00008X
DA35-00043U
DA35-00099G
DA35-00099S
DA35-00135A
DA39-00060K
DA39-00084D
DA39-00154D
DA39-00154H
DA39-00154L
DA39-00154M
DA39-10003F
DA39-20389L
DA41-00104M
DA41-00104Y
DA41-00128D
DA41-00134F
DA41-00167B
DA41-00185U
DA41-00217A
DA41-00217B
DA41-00219J
DA41-00219K
DA41-00235A
DA41-00309A
DA41-00318E
DA41-00322C
DA41-00389A
DA41-00413A
DA41-00413B
DA41-00413G
DA41-00413J
DA41-00413K
DA41-00423C
DA41-00463G
DA41-00476A
DA41-00476L
DA41-00519B
DA41-00519R
DA41-00519S
DA41-00519U
DA41-00522A
DA41-00538M
DA41-00540E
DA41-00617A
DA41-00618A
DA41-00620A
DA41-00620C
DA41-00620D
DA41-00648B
DA41-00649C
DA41-00651M
DA41-00651Q
DA41-00670B
DA41-00670D
DA41-00670G
DA41-00674D
DA41-00674H
DA41-00676A
DA41-00676B
DA41-00676F
DA41-00676G
DA41-00676J
DA41-00676K
DA41-00684A
DA41-00684B
DA41-00689L
DA41-00692A
DA41-00695A
DA41-00695B
DA41-00695D
DA41-00698B
DA41-00701A
DA41-00703A
DA41-20163D
DA47-00038B
DA47-00094A
DA47-00095C
DA47-00095E
DA47-00095F
DA47-00154A
DA47-00192E
DA47-00200C
DA47-00202B
DA47-00203B
DA47-00228B
DA47-00243A
DA47-00243D
DA47-00243K
DA47-00244A
DA47-00244B
DA47-00244C
DA47-00244D
DA47-00244J
DA47-00244L
DA47-00244N
DA47-00244Q
DA47-00247H
DA47-00261H
DA47-00285C
DA47-00285P
DA47-00285S
DA47-00295A
DA47-00301B
DA47-00301D
DA47-00301E
DA47-00301F
DA47-00301H
DA47-00301J
DA47-00311A
DA47-00318A
DA47-00318E
DA47-00318H
DA47-00318K
DA47-00318M
DA47-00318N
DA47-00320C
DA47-00320H
DA47-00320P
DA47-00321A
DA47-00321H
DA47-00322H
DA47-00322J
DA47-00323F
DA47-00324C
DA47-00423A
DA47-00424A
DA47-00424B
DA47-00424D
DA47-00424L
DA47-00424M
DA47-00424N
DA47-00424Q
DA47-00424R
DA47-00434C
DA47-00438A
DA47-00457B
DA47-00460G
DA47-00463B
DA47-10107T
DA47-10160F
DA47-10160H
DA47-10160K
DA47-20200F
DA47-40001E
DA59-00294B
DA59-00361B
DA59-00361C
DA60-00143B
DA60-00162A
DA60-00231A
DA60-00258B
DA60-00258C
DA60-00259A
DA60-00259B
DA60-00279A
DA60-00280A
DA60-00307A
DA60-00314A
DA60-00314B
DA60-30108A
DA60-90005A
DA60-90146A
DA61-00264A
DA61-00279A
DA61-00340F
DA61-00365F
DA61-00417A
DA61-00453A
DA61-00524A
DA61-00564A
DA61-00565A
DA61-00761B
DA61-00775A
DA61-00805C
DA61-00805D
DA61-00954B
DA61-01385B
DA61-01608A
DA61-01634B
DA61-01663B
DA61-01664B
DA61-01797A
DA61-01800A
DA61-01914A
DA61-01920A
DA61-02157A
